Epoch, refine rmsd, start rmsd 
0, ['8be2_N_decoy_nb15_0.pdb'], 6.6730, 1.3922
0, ['8be2_N_decoy_nb15_10.pdb'], 6.7091, 1.7611
0, ['8be2_N_decoy_nb15_12.pdb'], 6.7424, 1.7962
0, ['8be2_N_decoy_nb15_14.pdb'], 6.7645, 1.7792
0, ['8be2_N_decoy_nb15_16.pdb'], 6.7104, 1.7836
0, , , 3.3599, 0.8512
0, ['8be2_N_decoy_nb15_1.pdb'], 6.6808, 1.4398
0, ['8be2_N_decoy_nb15_11.pdb'], 6.7482, 1.7936
0, ['8be2_N_decoy_nb15_13.pdb'], 6.7562, 1.7858
0, ['8be2_N_decoy_nb15_15.pdb'], 6.7641, 1.7776
0, ['8be2_N_decoy_nb15_17.pdb'], 6.7391, 1.7840
0, , , 3.3688, 0.8581
1, ['8be2_N_decoy_nb15_0.pdb'], 4.5998, 1.3922
1, ['8be2_N_decoy_nb15_1.pdb'], 4.5520, 1.4398
1, ['8be2_N_decoy_nb15_10.pdb'], 4.7737, 1.7611
1, ['8be2_N_decoy_nb15_11.pdb'], 4.7815, 1.7936
1, ['8be2_N_decoy_nb15_12.pdb'], 4.8267, 1.7962
1, ['8be2_N_decoy_nb15_13.pdb'], 4.8279, 1.7858
1, ['8be2_N_decoy_nb15_14.pdb'], 4.8387, 1.7792
1, ['8be2_N_decoy_nb15_15.pdb'], 4.7502, 1.7776
1, ['8be2_N_decoy_nb15_16.pdb'], 4.7338, 1.7836
1, , , 2.3773, 0.8512
1, ['8be2_N_decoy_nb15_17.pdb'], 4.7534, 1.7840
1, , , 2.3665, 0.8581
2, ['8be2_N_decoy_nb15_0.pdb'], 5.9055, 1.3922
2, ['8be2_N_decoy_nb15_1.pdb'], 5.8772, 1.4398
2, ['8be2_N_decoy_nb15_10.pdb'], 6.0708, 1.7611
2, ['8be2_N_decoy_nb15_11.pdb'], 6.0379, 1.7936
2, ['8be2_N_decoy_nb15_12.pdb'], 6.0589, 1.7962
2, ['8be2_N_decoy_nb15_13.pdb'], 6.0033, 1.7858
2, ['8be2_N_decoy_nb15_14.pdb'], 6.0306, 1.7792
2, ['8be2_N_decoy_nb15_15.pdb'], 6.0649, 1.7776
2, ['8be2_N_decoy_nb15_16.pdb'], 6.0234, 1.7836
2, , , 3.0089, 0.8512
2, ['8be2_N_decoy_nb15_17.pdb'], 5.9632, 1.7840
2, , , 2.9946, 0.8581
3, ['8be2_N_decoy_nb15_0.pdb'], 6.7796, 1.3922
3, ['8be2_N_decoy_nb15_1.pdb'], 6.9056, 1.4398
3, ['8be2_N_decoy_nb15_11.pdb'], 6.9881, 1.7936
3, ['8be2_N_decoy_nb15_10.pdb'], 6.8778, 1.7611
3, ['8be2_N_decoy_nb15_13.pdb'], 6.8387, 1.7858
3, ['8be2_N_decoy_nb15_12.pdb'], 7.1585, 1.7962
3, ['8be2_N_decoy_nb15_15.pdb'], 6.8911, 1.7776
3, ['8be2_N_decoy_nb15_14.pdb'], 6.7365, 1.7792
3, ['8be2_N_decoy_nb15_17.pdb'], 7.0128, 1.7840
3, ['8be2_N_decoy_nb15_16.pdb'], 6.8994, 1.7836
3, , , 3.4636, 0.8581
3, , , 3.4452, 0.8512
4, ['8be2_N_decoy_nb15_0.pdb'], 5.9628, 1.3922
4, ['8be2_N_decoy_nb15_1.pdb'], 5.9063, 1.4398
4, ['8be2_N_decoy_nb15_10.pdb'], 6.0011, 1.7611
4, ['8be2_N_decoy_nb15_11.pdb'], 6.0309, 1.7936
4, ['8be2_N_decoy_nb15_12.pdb'], 6.0685, 1.7962
4, ['8be2_N_decoy_nb15_13.pdb'], 6.0508, 1.7858
4, ['8be2_N_decoy_nb15_14.pdb'], 5.9806, 1.7792
4, ['8be2_N_decoy_nb15_15.pdb'], 6.0149, 1.7776
4, ['8be2_N_decoy_nb15_16.pdb'], 6.0135, 1.7836
4, , , 3.0027, 0.8512
4, ['8be2_N_decoy_nb15_17.pdb'], 5.9985, 1.7840
4, , , 3.0001, 0.8581
5, ['8be2_N_decoy_nb15_0.pdb'], 6.8503, 1.3922
5, ['8be2_N_decoy_nb15_1.pdb'], 6.8289, 1.4398
5, ['8be2_N_decoy_nb15_10.pdb'], 7.0667, 1.7611
5, ['8be2_N_decoy_nb15_11.pdb'], 6.9232, 1.7936
5, ['8be2_N_decoy_nb15_12.pdb'], 7.0154, 1.7962
5, ['8be2_N_decoy_nb15_13.pdb'], 6.9759, 1.7858
5, ['8be2_N_decoy_nb15_14.pdb'], 7.0515, 1.7792
5, ['8be2_N_decoy_nb15_15.pdb'], 6.9815, 1.7776
5, ['8be2_N_decoy_nb15_16.pdb'], 6.9714, 1.7836
5, , , 3.4955, 0.8512
5, ['8be2_N_decoy_nb15_17.pdb'], 6.9289, 1.7840
5, , , 3.4638, 0.8581
6, ['8be2_N_decoy_nb15_1.pdb'], 1.8273, 1.4398
6, ['8be2_N_decoy_nb15_0.pdb'], 1.7931, 1.3922
6, ['8be2_N_decoy_nb15_11.pdb'], 2.1349, 1.7936
6, ['8be2_N_decoy_nb15_10.pdb'], 2.1155, 1.7611
6, ['8be2_N_decoy_nb15_13.pdb'], 2.1154, 1.7858
6, ['8be2_N_decoy_nb15_12.pdb'], 2.1293, 1.7962
6, ['8be2_N_decoy_nb15_15.pdb'], 2.1133, 1.7776
6, ['8be2_N_decoy_nb15_14.pdb'], 2.1141, 1.7792
6, ['8be2_N_decoy_nb15_17.pdb'], 2.1129, 1.7840
6, ['8be2_N_decoy_nb15_16.pdb'], 2.1140, 1.7836
6, , , 1.0304, 0.8581
6, , , 1.0266, 0.8512
7, ['8be2_N_decoy_nb15_0.pdb'], 5.9773, 1.3922
7, ['8be2_N_decoy_nb15_1.pdb'], 6.0631, 1.4398
7, ['8be2_N_decoy_nb15_10.pdb'], 6.0828, 1.7611
7, ['8be2_N_decoy_nb15_11.pdb'], 6.0336, 1.7936
7, ['8be2_N_decoy_nb15_12.pdb'], 6.0433, 1.7962
7, ['8be2_N_decoy_nb15_13.pdb'], 6.0284, 1.7858
7, ['8be2_N_decoy_nb15_14.pdb'], 6.1295, 1.7792
7, ['8be2_N_decoy_nb15_15.pdb'], 6.1112, 1.7776
7, ['8be2_N_decoy_nb15_16.pdb'], 6.0427, 1.7836
7, , , 3.0276, 0.8512
7, ['8be2_N_decoy_nb15_17.pdb'], 6.0754, 1.7840
7, , , 3.0312, 0.8581
8, ['8be2_N_decoy_nb15_0.pdb'], 2.9543, 1.3922
8, ['8be2_N_decoy_nb15_1.pdb'], 2.9781, 1.4398
8, ['8be2_N_decoy_nb15_10.pdb'], 3.2045, 1.7611
8, ['8be2_N_decoy_nb15_11.pdb'], 3.2372, 1.7936
8, ['8be2_N_decoy_nb15_12.pdb'], 3.2515, 1.7962
8, ['8be2_N_decoy_nb15_13.pdb'], 3.2473, 1.7858
8, ['8be2_N_decoy_nb15_14.pdb'], 3.2473, 1.7792
8, ['8be2_N_decoy_nb15_15.pdb'], 3.2057, 1.7776
8, ['8be2_N_decoy_nb15_16.pdb'], 3.2274, 1.7836
8, ['8be2_N_decoy_nb15_17.pdb'], 3.2132, 1.7840
8, , , 1.5885, 0.8512
8, , , 1.5882, 0.8581
9, ['8be2_N_decoy_nb15_1.pdb'], 6.9120, 1.4398
9, ['8be2_N_decoy_nb15_0.pdb'], 6.7611, 1.3922
9, ['8be2_N_decoy_nb15_11.pdb'], 6.7336, 1.7936
9, ['8be2_N_decoy_nb15_10.pdb'], 6.8735, 1.7611
9, ['8be2_N_decoy_nb15_13.pdb'], 6.7998, 1.7858
9, ['8be2_N_decoy_nb15_12.pdb'], 6.7979, 1.7962
9, ['8be2_N_decoy_nb15_15.pdb'], 6.7415, 1.7776
9, ['8be2_N_decoy_nb15_14.pdb'], 6.6392, 1.7792
9, ['8be2_N_decoy_nb15_17.pdb'], 6.7464, 1.7840
9, , , 3.3933, 0.8581
9, ['8be2_N_decoy_nb15_16.pdb'], 6.7189, 1.7836
9, , , 3.3791, 0.8512
10, ['8be2_N_decoy_nb15_0.pdb'], 6.4371, 1.3922
10, ['8be2_N_decoy_nb15_1.pdb'], 6.4830, 1.4398
10, ['8be2_N_decoy_nb15_10.pdb'], 6.5468, 1.7611
10, ['8be2_N_decoy_nb15_11.pdb'], 6.7112, 1.7936
10, ['8be2_N_decoy_nb15_12.pdb'], 6.5233, 1.7962
10, ['8be2_N_decoy_nb15_13.pdb'], 6.5196, 1.7858
10, ['8be2_N_decoy_nb15_14.pdb'], 6.4176, 1.7792
10, ['8be2_N_decoy_nb15_15.pdb'], 6.4728, 1.7776
10, ['8be2_N_decoy_nb15_16.pdb'], 6.4563, 1.7836
10, , , 3.2381, 0.8512
10, ['8be2_N_decoy_nb15_17.pdb'], 6.4675, 1.7840
10, , , 3.2654, 0.8581
11, ['8be2_N_decoy_nb15_0.pdb'], 7.5752, 1.3922
11, ['8be2_N_decoy_nb15_1.pdb'], 7.5378, 1.4398
11, ['8be2_N_decoy_nb15_10.pdb'], 7.5968, 1.7611
11, ['8be2_N_decoy_nb15_11.pdb'], 7.6721, 1.7936
11, ['8be2_N_decoy_nb15_12.pdb'], 7.6846, 1.7962
11, ['8be2_N_decoy_nb15_13.pdb'], 7.9331, 1.7858
11, ['8be2_N_decoy_nb15_14.pdb'], 7.6311, 1.7792
11, ['8be2_N_decoy_nb15_15.pdb'], 7.6718, 1.7776
11, ['8be2_N_decoy_nb15_16.pdb'], 7.5864, 1.7836
11, , , 3.8074, 0.8512
11, ['8be2_N_decoy_nb15_17.pdb'], 7.6342, 1.7840
11, , , 3.8449, 0.8581
12, ['8be2_N_decoy_nb15_0.pdb'], 6.8806, 1.3922
12, ['8be2_N_decoy_nb15_1.pdb'], 6.8433, 1.4398
12, ['8be2_N_decoy_nb15_10.pdb'], 6.8235, 1.7611
12, ['8be2_N_decoy_nb15_11.pdb'], 6.8422, 1.7936
12, ['8be2_N_decoy_nb15_12.pdb'], 6.7897, 1.7962
12, ['8be2_N_decoy_nb15_13.pdb'], 6.7842, 1.7858
12, ['8be2_N_decoy_nb15_14.pdb'], 6.7862, 1.7792
12, ['8be2_N_decoy_nb15_15.pdb'], 6.7500, 1.7776
12, ['8be2_N_decoy_nb15_16.pdb'], 6.7661, 1.7836
12, ['8be2_N_decoy_nb15_17.pdb'], 6.6893, 1.7840
12, , , 3.4046, 0.8512
12, , , 3.3909, 0.8581
13, ['8be2_N_decoy_nb15_1.pdb'], 5.7196, 1.4398
13, ['8be2_N_decoy_nb15_0.pdb'], 5.6172, 1.3922
13, ['8be2_N_decoy_nb15_11.pdb'], 5.6474, 1.7936
13, ['8be2_N_decoy_nb15_10.pdb'], 5.6671, 1.7611
13, ['8be2_N_decoy_nb15_13.pdb'], 5.5888, 1.7858
13, ['8be2_N_decoy_nb15_12.pdb'], 5.6938, 1.7962
13, ['8be2_N_decoy_nb15_15.pdb'], 5.6750, 1.7776
13, ['8be2_N_decoy_nb15_14.pdb'], 5.6020, 1.7792
13, ['8be2_N_decoy_nb15_17.pdb'], 5.6898, 1.7840
13, , , 2.8321, 0.8581
13, ['8be2_N_decoy_nb15_16.pdb'], 5.6770, 1.7836
13, , , 2.8257, 0.8512
14, ['8be2_N_decoy_nb15_0.pdb'], 3.0216, 1.3922
14, ['8be2_N_decoy_nb15_1.pdb'], 3.0271, 1.4398
14, ['8be2_N_decoy_nb15_10.pdb'], 3.0301, 1.7611
14, ['8be2_N_decoy_nb15_11.pdb'], 3.2285, 1.7936
14, ['8be2_N_decoy_nb15_12.pdb'], 3.0798, 1.7962
14, ['8be2_N_decoy_nb15_13.pdb'], 3.0591, 1.7858
14, ['8be2_N_decoy_nb15_14.pdb'], 3.0749, 1.7792
14, ['8be2_N_decoy_nb15_15.pdb'], 3.0265, 1.7776
14, ['8be2_N_decoy_nb15_16.pdb'], 3.0723, 1.7836
14, , , 1.5279, 0.8512
14, ['8be2_N_decoy_nb15_17.pdb'], 3.0828, 1.7840
14, , , 1.5424, 0.8581
15, ['8be2_N_decoy_nb15_1.pdb'], 5.7068, 1.4398
15, ['8be2_N_decoy_nb15_0.pdb'], 5.7109, 1.3922
15, ['8be2_N_decoy_nb15_11.pdb'], 5.8776, 1.7936
15, ['8be2_N_decoy_nb15_10.pdb'], 5.9060, 1.7611
15, ['8be2_N_decoy_nb15_13.pdb'], 5.9027, 1.7858
15, ['8be2_N_decoy_nb15_12.pdb'], 5.7964, 1.7962
15, ['8be2_N_decoy_nb15_15.pdb'], 5.7923, 1.7776
15, ['8be2_N_decoy_nb15_14.pdb'], 5.8834, 1.7792
15, ['8be2_N_decoy_nb15_17.pdb'], 5.8669, 1.7840
15, ['8be2_N_decoy_nb15_16.pdb'], 5.8866, 1.7836
15, , , 2.9146, 0.8581
15, , , 2.9183, 0.8512
16, ['8be2_N_decoy_nb15_0.pdb'], 5.1034, 1.3922
16, ['8be2_N_decoy_nb15_1.pdb'], 5.1455, 1.4398
16, ['8be2_N_decoy_nb15_10.pdb'], 5.1821, 1.7611
16, ['8be2_N_decoy_nb15_11.pdb'], 5.1707, 1.7936
16, ['8be2_N_decoy_nb15_12.pdb'], 5.1711, 1.7962
16, ['8be2_N_decoy_nb15_13.pdb'], 5.1497, 1.7858
16, ['8be2_N_decoy_nb15_14.pdb'], 5.1708, 1.7792
16, ['8be2_N_decoy_nb15_15.pdb'], 5.2051, 1.7776
16, ['8be2_N_decoy_nb15_17.pdb'], 5.2174, 1.7840
16, ['8be2_N_decoy_nb15_16.pdb'], 5.2079, 1.7836
16, , , 2.5888, 0.8581
16, , , 2.5835, 0.8512
17, ['8be2_N_decoy_nb15_0.pdb'], 4.9226, 1.3922
17, ['8be2_N_decoy_nb15_1.pdb'], 4.9702, 1.4398
17, ['8be2_N_decoy_nb15_10.pdb'], 5.1026, 1.7611
17, ['8be2_N_decoy_nb15_11.pdb'], 5.1068, 1.7936
17, ['8be2_N_decoy_nb15_12.pdb'], 5.0823, 1.7962
17, ['8be2_N_decoy_nb15_13.pdb'], 5.0380, 1.7858
17, ['8be2_N_decoy_nb15_14.pdb'], 5.0076, 1.7792
17, ['8be2_N_decoy_nb15_15.pdb'], 5.0215, 1.7776
17, ['8be2_N_decoy_nb15_16.pdb'], 5.0285, 1.7836
17, , , 2.5144, 0.8512
17, ['8be2_N_decoy_nb15_17.pdb'], 5.0429, 1.7840
17, , , 2.5179, 0.8581
18, ['8be2_N_decoy_nb15_0.pdb'], 1.6568, 1.3922
18, ['8be2_N_decoy_nb15_1.pdb'], 1.6965, 1.4398
18, ['8be2_N_decoy_nb15_10.pdb'], 1.9966, 1.7611
18, ['8be2_N_decoy_nb15_11.pdb'], 2.0224, 1.7936
18, ['8be2_N_decoy_nb15_12.pdb'], 2.0233, 1.7962
18, ['8be2_N_decoy_nb15_13.pdb'], 1.9965, 1.7858
18, ['8be2_N_decoy_nb15_14.pdb'], 1.9759, 1.7792
18, ['8be2_N_decoy_nb15_15.pdb'], 1.9797, 1.7776
18, ['8be2_N_decoy_nb15_16.pdb'], 1.9814, 1.7836
18, , , 0.9634, 0.8512
18, ['8be2_N_decoy_nb15_17.pdb'], 1.9865, 1.7840
18, , , 0.9682, 0.8581
19, ['8be2_N_decoy_nb15_1.pdb'], 5.6955, 1.4398
19, ['8be2_N_decoy_nb15_0.pdb'], 5.6489, 1.3922
19, ['8be2_N_decoy_nb15_11.pdb'], 5.7024, 1.7936
19, ['8be2_N_decoy_nb15_10.pdb'], 5.7059, 1.7611
19, ['8be2_N_decoy_nb15_13.pdb'], 5.6658, 1.7858
19, ['8be2_N_decoy_nb15_12.pdb'], 5.7080, 1.7962
19, ['8be2_N_decoy_nb15_15.pdb'], 5.7149, 1.7776
19, ['8be2_N_decoy_nb15_14.pdb'], 5.6900, 1.7792
19, ['8be2_N_decoy_nb15_17.pdb'], 5.7216, 1.7840
19, , , 2.8500, 0.8581
19, ['8be2_N_decoy_nb15_16.pdb'], 5.7206, 1.7836
19, , , 2.8473, 0.8512
20, ['8be2_N_decoy_nb15_0.pdb'], 2.2922, 1.3922
20, ['8be2_N_decoy_nb15_1.pdb'], 2.3268, 1.4398
20, ['8be2_N_decoy_nb15_10.pdb'], 2.5775, 1.7611
20, ['8be2_N_decoy_nb15_11.pdb'], 2.6108, 1.7936
20, ['8be2_N_decoy_nb15_13.pdb'], 2.6355, 1.7858
20, ['8be2_N_decoy_nb15_12.pdb'], 2.6284, 1.7962
20, ['8be2_N_decoy_nb15_15.pdb'], 2.5915, 1.7776
20, ['8be2_N_decoy_nb15_14.pdb'], 2.6091, 1.7792
20, ['8be2_N_decoy_nb15_17.pdb'], 2.6073, 1.7840
20, ['8be2_N_decoy_nb15_16.pdb'], 2.6137, 1.7836
20, , , 1.2772, 0.8581
20, , , 1.2721, 0.8512
21, ['8be2_N_decoy_nb15_0.pdb'], 10.7332, 1.3922
21, ['8be2_N_decoy_nb15_1.pdb'], 10.7495, 1.4398
21, ['8be2_N_decoy_nb15_10.pdb'], 10.9056, 1.7611
21, ['8be2_N_decoy_nb15_11.pdb'], 10.8825, 1.7936
21, ['8be2_N_decoy_nb15_12.pdb'], 10.9269, 1.7962
21, ['8be2_N_decoy_nb15_13.pdb'], 10.9188, 1.7858
21, ['8be2_N_decoy_nb15_14.pdb'], 10.8589, 1.7792
21, ['8be2_N_decoy_nb15_15.pdb'], 10.9304, 1.7776
21, ['8be2_N_decoy_nb15_16.pdb'], 10.9294, 1.7836
21, , , 5.4354, 0.8512
21, ['8be2_N_decoy_nb15_17.pdb'], 10.9252, 1.7840
21, , , 5.4406, 0.8581
22, ['8be2_N_decoy_nb15_0.pdb'], 20.1614, 1.3922
22, ['8be2_N_decoy_nb15_1.pdb'], 19.9514, 1.4398
22, ['8be2_N_decoy_nb15_10.pdb'], 19.5802, 1.7611
22, ['8be2_N_decoy_nb15_11.pdb'], 19.2996, 1.7936
22, ['8be2_N_decoy_nb15_12.pdb'], 20.7072, 1.7962
22, ['8be2_N_decoy_nb15_13.pdb'], 20.2888, 1.7858
22, ['8be2_N_decoy_nb15_14.pdb'], 18.9362, 1.7792
22, ['8be2_N_decoy_nb15_15.pdb'], 19.4308, 1.7776
22, ['8be2_N_decoy_nb15_16.pdb'], 19.3624, 1.7836
22, , , 9.8747, 0.8512
22, ['8be2_N_decoy_nb15_17.pdb'], 20.5374, 1.7840
22, , , 9.9508, 0.8581
23, ['8be2_N_decoy_nb15_0.pdb'], 10.1484, 1.3922
23, ['8be2_N_decoy_nb15_1.pdb'], 10.3934, 1.4398
23, ['8be2_N_decoy_nb15_10.pdb'], 10.0013, 1.7611
23, ['8be2_N_decoy_nb15_11.pdb'], 10.1530, 1.7936
23, ['8be2_N_decoy_nb15_13.pdb'], 10.0079, 1.7858
23, ['8be2_N_decoy_nb15_12.pdb'], 9.9699, 1.7962
23, ['8be2_N_decoy_nb15_15.pdb'], 10.3674, 1.7776
23, ['8be2_N_decoy_nb15_14.pdb'], 10.1090, 1.7792
23, ['8be2_N_decoy_nb15_17.pdb'], 10.6353, 1.7840
23, , , 5.1557, 0.8581
23, ['8be2_N_decoy_nb15_16.pdb'], 10.6879, 1.7836
23, , , 5.0916, 0.8512
24, ['8be2_N_decoy_nb15_0.pdb'], 1.6204, 1.3922
24, ['8be2_N_decoy_nb15_1.pdb'], 1.6661, 1.4398
24, ['8be2_N_decoy_nb15_10.pdb'], 1.9688, 1.7611
24, ['8be2_N_decoy_nb15_11.pdb'], 2.0092, 1.7936
24, ['8be2_N_decoy_nb15_12.pdb'], 2.0020, 1.7962
24, ['8be2_N_decoy_nb15_13.pdb'], 1.9906, 1.7858
24, ['8be2_N_decoy_nb15_14.pdb'], 1.9665, 1.7792
24, ['8be2_N_decoy_nb15_15.pdb'], 1.9670, 1.7776
24, ['8be2_N_decoy_nb15_16.pdb'], 1.9823, 1.7836
24, , , 0.9540, 0.8512
24, ['8be2_N_decoy_nb15_17.pdb'], 1.9794, 1.7840
24, , , 0.9612, 0.8581
25, ['8be2_N_decoy_nb15_0.pdb'], 3.7052, 1.3922
25, ['8be2_N_decoy_nb15_1.pdb'], 3.7106, 1.4398
25, ['8be2_N_decoy_nb15_10.pdb'], 3.8318, 1.7611
25, ['8be2_N_decoy_nb15_11.pdb'], 3.8465, 1.7936
25, ['8be2_N_decoy_nb15_12.pdb'], 3.8502, 1.7962
25, ['8be2_N_decoy_nb15_13.pdb'], 3.8483, 1.7858
25, ['8be2_N_decoy_nb15_14.pdb'], 3.8210, 1.7792
25, ['8be2_N_decoy_nb15_15.pdb'], 3.7893, 1.7776
25, ['8be2_N_decoy_nb15_17.pdb'], 3.8491, 1.7840
25, ['8be2_N_decoy_nb15_16.pdb'], 3.7961, 1.7836
25, , , 1.9044, 0.8581
25, , , 1.9004, 0.8512
26, ['8be2_N_decoy_nb15_0.pdb'], 1.9887, 1.3922
26, ['8be2_N_decoy_nb15_1.pdb'], 2.0194, 1.4398
26, ['8be2_N_decoy_nb15_10.pdb'], 2.2670, 1.7611
26, ['8be2_N_decoy_nb15_11.pdb'], 2.3079, 1.7936
26, ['8be2_N_decoy_nb15_12.pdb'], 2.3236, 1.7962
26, ['8be2_N_decoy_nb15_13.pdb'], 2.3343, 1.7858
26, ['8be2_N_decoy_nb15_14.pdb'], 2.3164, 1.7792
26, ['8be2_N_decoy_nb15_15.pdb'], 2.3011, 1.7776
26, ['8be2_N_decoy_nb15_16.pdb'], 2.3182, 1.7836
26, , , 1.1214, 0.8512
26, ['8be2_N_decoy_nb15_17.pdb'], 2.3227, 1.7840
26, , , 1.1285, 0.8581
27, ['8be2_N_decoy_nb15_0.pdb'], 1.9781, 1.3922
27, ['8be2_N_decoy_nb15_1.pdb'], 2.0149, 1.4398
27, ['8be2_N_decoy_nb15_10.pdb'], 2.2682, 1.7611
27, ['8be2_N_decoy_nb15_11.pdb'], 2.3143, 1.7936
27, ['8be2_N_decoy_nb15_12.pdb'], 2.3125, 1.7962
27, ['8be2_N_decoy_nb15_13.pdb'], 2.3151, 1.7858
27, ['8be2_N_decoy_nb15_14.pdb'], 2.2954, 1.7792
27, ['8be2_N_decoy_nb15_15.pdb'], 2.2860, 1.7776
27, ['8be2_N_decoy_nb15_16.pdb'], 2.2962, 1.7836
27, , , 1.1150, 0.8512
27, ['8be2_N_decoy_nb15_17.pdb'], 2.3064, 1.7840
27, , , 1.1237, 0.8581
28, ['8be2_N_decoy_nb15_0.pdb'], 2.1652, 1.3922
28, ['8be2_N_decoy_nb15_1.pdb'], 2.2064, 1.4398
28, ['8be2_N_decoy_nb15_10.pdb'], 2.4127, 1.7611
28, ['8be2_N_decoy_nb15_11.pdb'], 2.4453, 1.7936
28, ['8be2_N_decoy_nb15_12.pdb'], 2.4337, 1.7962
28, ['8be2_N_decoy_nb15_13.pdb'], 2.4072, 1.7858
28, ['8be2_N_decoy_nb15_14.pdb'], 2.3884, 1.7792
28, ['8be2_N_decoy_nb15_15.pdb'], 2.3925, 1.7776
28, ['8be2_N_decoy_nb15_16.pdb'], 2.4001, 1.7836
28, , , 1.1800, 0.8512
28, ['8be2_N_decoy_nb15_17.pdb'], 2.4259, 1.7840
28, , , 1.1877, 0.8581
29, ['8be2_N_decoy_nb15_0.pdb'], 2.0902, 1.3922
29, ['8be2_N_decoy_nb15_1.pdb'], 2.1259, 1.4398
29, ['8be2_N_decoy_nb15_10.pdb'], 2.3500, 1.7611
29, ['8be2_N_decoy_nb15_11.pdb'], 2.3963, 1.7936
29, ['8be2_N_decoy_nb15_12.pdb'], 2.3870, 1.7962
29, ['8be2_N_decoy_nb15_13.pdb'], 2.3670, 1.7858
29, ['8be2_N_decoy_nb15_14.pdb'], 2.3423, 1.7792
29, ['8be2_N_decoy_nb15_15.pdb'], 2.3414, 1.7776
29, ['8be2_N_decoy_nb15_16.pdb'], 2.3424, 1.7836
29, , , 1.1512, 0.8512
29, ['8be2_N_decoy_nb15_17.pdb'], 2.3688, 1.7840
29, , , 1.1599, 0.8581
30, ['8be2_N_decoy_nb15_1.pdb'], 2.4005, 1.4398
30, ['8be2_N_decoy_nb15_0.pdb'], 2.3701, 1.3922
30, ['8be2_N_decoy_nb15_11.pdb'], 2.6529, 1.7936
30, ['8be2_N_decoy_nb15_10.pdb'], 2.6030, 1.7611
30, ['8be2_N_decoy_nb15_13.pdb'], 2.6157, 1.7858
30, ['8be2_N_decoy_nb15_12.pdb'], 2.6434, 1.7962
30, ['8be2_N_decoy_nb15_15.pdb'], 2.5894, 1.7776
30, ['8be2_N_decoy_nb15_14.pdb'], 2.5910, 1.7792
30, ['8be2_N_decoy_nb15_17.pdb'], 2.6226, 1.7840
30, , , 1.2881, 0.8581
30, ['8be2_N_decoy_nb15_16.pdb'], 2.5845, 1.7836
30, , , 1.2792, 0.8512
31, ['8be2_N_decoy_nb15_0.pdb'], 2.2331, 1.3922
31, ['8be2_N_decoy_nb15_1.pdb'], 2.2601, 1.4398
31, ['8be2_N_decoy_nb15_10.pdb'], 2.4774, 1.7611
31, ['8be2_N_decoy_nb15_11.pdb'], 2.5216, 1.7936
31, ['8be2_N_decoy_nb15_12.pdb'], 2.5177, 1.7962
31, ['8be2_N_decoy_nb15_13.pdb'], 2.4990, 1.7858
31, ['8be2_N_decoy_nb15_14.pdb'], 2.4746, 1.7792
31, ['8be2_N_decoy_nb15_15.pdb'], 2.4686, 1.7776
31, ['8be2_N_decoy_nb15_16.pdb'], 2.4787, 1.7836
31, , , 1.2181, 0.8512
31, ['8be2_N_decoy_nb15_17.pdb'], 2.4952, 1.7840
31, , , 1.2244, 0.8581
32, ['8be2_N_decoy_nb15_0.pdb'], 2.7943, 1.3922
32, ['8be2_N_decoy_nb15_1.pdb'], 2.8049, 1.4398
32, ['8be2_N_decoy_nb15_10.pdb'], 3.0108, 1.7611
32, ['8be2_N_decoy_nb15_11.pdb'], 3.0552, 1.7936
32, ['8be2_N_decoy_nb15_12.pdb'], 3.0173, 1.7962
32, ['8be2_N_decoy_nb15_13.pdb'], 3.0138, 1.7858
32, ['8be2_N_decoy_nb15_14.pdb'], 2.9769, 1.7792
32, ['8be2_N_decoy_nb15_15.pdb'], 2.9729, 1.7776
32, ['8be2_N_decoy_nb15_16.pdb'], 2.9397, 1.7836
32, , , 1.4739, 0.8512
32, ['8be2_N_decoy_nb15_17.pdb'], 3.0257, 1.7840
32, , , 1.4873, 0.8581
33, ['8be2_N_decoy_nb15_0.pdb'], 2.3916, 1.3922
33, ['8be2_N_decoy_nb15_1.pdb'], 2.4178, 1.4398
33, ['8be2_N_decoy_nb15_10.pdb'], 2.6315, 1.7611
33, ['8be2_N_decoy_nb15_11.pdb'], 2.6670, 1.7936
33, ['8be2_N_decoy_nb15_12.pdb'], 2.6554, 1.7962
33, ['8be2_N_decoy_nb15_13.pdb'], 2.6361, 1.7858
33, ['8be2_N_decoy_nb15_14.pdb'], 2.6030, 1.7792
33, ['8be2_N_decoy_nb15_15.pdb'], 2.5963, 1.7776
33, ['8be2_N_decoy_nb15_16.pdb'], 2.5918, 1.7836
33, , , 1.2873, 0.8512
33, ['8be2_N_decoy_nb15_17.pdb'], 2.6319, 1.7840
33, , , 1.2949, 0.8581
34, ['8be2_N_decoy_nb15_1.pdb'], 3.3539, 1.4398
34, ['8be2_N_decoy_nb15_0.pdb'], 3.3564, 1.3922
34, ['8be2_N_decoy_nb15_11.pdb'], 3.5896, 1.7936
34, ['8be2_N_decoy_nb15_10.pdb'], 3.5902, 1.7611
34, ['8be2_N_decoy_nb15_13.pdb'], 3.5969, 1.7858
34, ['8be2_N_decoy_nb15_12.pdb'], 3.5534, 1.7962
34, ['8be2_N_decoy_nb15_15.pdb'], 3.5406, 1.7776
34, ['8be2_N_decoy_nb15_14.pdb'], 3.5620, 1.7792
34, ['8be2_N_decoy_nb15_17.pdb'], 3.5808, 1.7840
34, ['8be2_N_decoy_nb15_16.pdb'], 3.5094, 1.7836
34, , , 1.7662, 0.8581
34, , , 1.7571, 0.8512
35, ['8be2_N_decoy_nb15_1.pdb'], 12.0148, 1.4398
35, ['8be2_N_decoy_nb15_0.pdb'], 11.8489, 1.3922
35, ['8be2_N_decoy_nb15_11.pdb'], 11.8285, 1.7936
35, ['8be2_N_decoy_nb15_10.pdb'], 11.5706, 1.7611
35, ['8be2_N_decoy_nb15_13.pdb'], 11.7656, 1.7858
35, ['8be2_N_decoy_nb15_12.pdb'], 11.6748, 1.7962
35, ['8be2_N_decoy_nb15_15.pdb'], 11.5431, 1.7776
35, ['8be2_N_decoy_nb15_14.pdb'], 11.3975, 1.7792
35, ['8be2_N_decoy_nb15_17.pdb'], 11.6108, 1.7840
35, , , 5.8763, 0.8581
35, ['8be2_N_decoy_nb15_16.pdb'], 11.6093, 1.7836
35, , , 5.8101, 0.8512
36, ['8be2_N_decoy_nb15_0.pdb'], 3.0907, 1.3922
36, ['8be2_N_decoy_nb15_1.pdb'], 4.1577, 1.4398
36, ['8be2_N_decoy_nb15_10.pdb'], 3.6694, 1.7611
36, ['8be2_N_decoy_nb15_11.pdb'], 4.5914, 1.7936
36, ['8be2_N_decoy_nb15_12.pdb'], 4.3276, 1.7962
36, ['8be2_N_decoy_nb15_13.pdb'], 4.2874, 1.7858
36, ['8be2_N_decoy_nb15_14.pdb'], 4.1649, 1.7792
36, ['8be2_N_decoy_nb15_15.pdb'], 4.6988, 1.7776
36, ['8be2_N_decoy_nb15_16.pdb'], 4.4079, 1.7836
36, ['8be2_N_decoy_nb15_17.pdb'], 3.8824, 1.7840
36, , , 1.9661, 0.8512
36, , , 2.1618, 0.8581
37, ['8be2_N_decoy_nb15_0.pdb'], 4.6979, 1.3922
37, ['8be2_N_decoy_nb15_1.pdb'], 4.5576, 1.4398
37, ['8be2_N_decoy_nb15_10.pdb'], 4.3632, 1.7611
37, ['8be2_N_decoy_nb15_11.pdb'], 3.8909, 1.7936
37, ['8be2_N_decoy_nb15_12.pdb'], 4.3626, 1.7962
37, ['8be2_N_decoy_nb15_13.pdb'], 4.1342, 1.7858
37, ['8be2_N_decoy_nb15_15.pdb'], 3.8621, 1.7776
37, ['8be2_N_decoy_nb15_14.pdb'], 4.5381, 1.7792
37, ['8be2_N_decoy_nb15_17.pdb'], 4.3003, 1.7840
37, ['8be2_N_decoy_nb15_16.pdb'], 4.8934, 1.7836
37, , , 2.0745, 0.8581
37, , , 2.2855, 0.8512
38, ['8be2_N_decoy_nb15_0.pdb'], 2.8639, 1.3922
38, ['8be2_N_decoy_nb15_1.pdb'], 2.8884, 1.4398
38, ['8be2_N_decoy_nb15_10.pdb'], 3.0242, 1.7611
38, ['8be2_N_decoy_nb15_11.pdb'], 2.9793, 1.7936
38, ['8be2_N_decoy_nb15_12.pdb'], 3.0361, 1.7962
38, ['8be2_N_decoy_nb15_13.pdb'], 2.9696, 1.7858
38, ['8be2_N_decoy_nb15_14.pdb'], 3.0031, 1.7792
38, ['8be2_N_decoy_nb15_15.pdb'], 3.1089, 1.7776
38, ['8be2_N_decoy_nb15_16.pdb'], 3.0384, 1.7836
38, , , 1.4966, 0.8512
38, ['8be2_N_decoy_nb15_17.pdb'], 2.9218, 1.7840
38, , , 1.4868, 0.8581
39, ['8be2_N_decoy_nb15_1.pdb'], 2.1766, 1.4398
39, ['8be2_N_decoy_nb15_0.pdb'], 2.1483, 1.3922
39, ['8be2_N_decoy_nb15_11.pdb'], 2.4583, 1.7936
39, ['8be2_N_decoy_nb15_10.pdb'], 2.4196, 1.7611
39, ['8be2_N_decoy_nb15_13.pdb'], 2.4322, 1.7858
39, ['8be2_N_decoy_nb15_12.pdb'], 2.4540, 1.7962
39, ['8be2_N_decoy_nb15_15.pdb'], 2.4038, 1.7776
39, ['8be2_N_decoy_nb15_14.pdb'], 2.4084, 1.7792
39, ['8be2_N_decoy_nb15_16.pdb'], 2.4165, 1.7836
39, , , 1.1847, 0.8512
39, ['8be2_N_decoy_nb15_17.pdb'], 2.4271, 1.7840
39, , , 1.1898, 0.8581
40, ['8be2_N_decoy_nb15_1.pdb'], 2.3432, 1.4398
40, ['8be2_N_decoy_nb15_0.pdb'], 2.3175, 1.3922
40, ['8be2_N_decoy_nb15_11.pdb'], 2.6134, 1.7936
40, ['8be2_N_decoy_nb15_10.pdb'], 2.5743, 1.7611
40, ['8be2_N_decoy_nb15_13.pdb'], 2.5841, 1.7858
40, ['8be2_N_decoy_nb15_12.pdb'], 2.6075, 1.7962
40, ['8be2_N_decoy_nb15_15.pdb'], 2.5568, 1.7776
40, ['8be2_N_decoy_nb15_14.pdb'], 2.5601, 1.7792
40, ['8be2_N_decoy_nb15_17.pdb'], 2.5779, 1.7840
40, , , 1.2675, 0.8581
40, ['8be2_N_decoy_nb15_16.pdb'], 2.5689, 1.7836
40, , , 1.2628, 0.8512
41, ['8be2_N_decoy_nb15_0.pdb'], 2.3690, 1.3922
41, ['8be2_N_decoy_nb15_1.pdb'], 2.3940, 1.4398
41, ['8be2_N_decoy_nb15_11.pdb'], 2.6612, 1.7936
41, ['8be2_N_decoy_nb15_10.pdb'], 2.6223, 1.7611
41, ['8be2_N_decoy_nb15_13.pdb'], 2.6301, 1.7858
41, ['8be2_N_decoy_nb15_12.pdb'], 2.6544, 1.7962
41, ['8be2_N_decoy_nb15_15.pdb'], 2.6042, 1.7776
41, ['8be2_N_decoy_nb15_14.pdb'], 2.6062, 1.7792
41, ['8be2_N_decoy_nb15_17.pdb'], 2.6240, 1.7840
41, ['8be2_N_decoy_nb15_16.pdb'], 2.6165, 1.7836
41, , , 1.2914, 0.8581
41, , , 1.2868, 0.8512
42, ['8be2_N_decoy_nb15_1.pdb'], 2.4476, 1.4398
42, ['8be2_N_decoy_nb15_0.pdb'], 2.4225, 1.3922
42, ['8be2_N_decoy_nb15_10.pdb'], 2.6724, 1.7611
42, ['8be2_N_decoy_nb15_11.pdb'], 2.7105, 1.7936
42, ['8be2_N_decoy_nb15_12.pdb'], 2.7029, 1.7962
42, ['8be2_N_decoy_nb15_13.pdb'], 2.6770, 1.7858
42, ['8be2_N_decoy_nb15_14.pdb'], 2.6530, 1.7792
42, ['8be2_N_decoy_nb15_15.pdb'], 2.6528, 1.7776
42, ['8be2_N_decoy_nb15_16.pdb'], 2.6650, 1.7836
42, , , 1.3116, 0.8512
42, ['8be2_N_decoy_nb15_17.pdb'], 2.6723, 1.7840
42, , , 1.3160, 0.8581
43, ['8be2_N_decoy_nb15_0.pdb'], 2.4593, 1.3922
43, ['8be2_N_decoy_nb15_1.pdb'], 2.4842, 1.4398
43, ['8be2_N_decoy_nb15_10.pdb'], 2.7069, 1.7611
43, ['8be2_N_decoy_nb15_11.pdb'], 2.7449, 1.7936
43, ['8be2_N_decoy_nb15_12.pdb'], 2.7369, 1.7962
43, ['8be2_N_decoy_nb15_13.pdb'], 2.7102, 1.7858
43, ['8be2_N_decoy_nb15_14.pdb'], 2.6865, 1.7792
43, ['8be2_N_decoy_nb15_15.pdb'], 2.6870, 1.7776
43, ['8be2_N_decoy_nb15_16.pdb'], 2.6990, 1.7836
43, , , 1.3289, 0.8512
43, ['8be2_N_decoy_nb15_17.pdb'], 2.7059, 1.7840
43, , , 1.3332, 0.8581
44, ['8be2_N_decoy_nb15_1.pdb'], 2.5130, 1.4398
44, ['8be2_N_decoy_nb15_0.pdb'], 2.4886, 1.3922
44, ['8be2_N_decoy_nb15_11.pdb'], 2.7721, 1.7936
44, ['8be2_N_decoy_nb15_10.pdb'], 2.7342, 1.7611
44, ['8be2_N_decoy_nb15_13.pdb'], 2.7365, 1.7858
44, ['8be2_N_decoy_nb15_12.pdb'], 2.7642, 1.7962
44, ['8be2_N_decoy_nb15_15.pdb'], 2.7140, 1.7776
44, ['8be2_N_decoy_nb15_14.pdb'], 2.7129, 1.7792
44, ['8be2_N_decoy_nb15_17.pdb'], 2.7326, 1.7840
44, ['8be2_N_decoy_nb15_16.pdb'], 2.7259, 1.7836
44, , , 1.3468, 0.8581
44, , , 1.3426, 0.8512
45, ['8be2_N_decoy_nb15_0.pdb'], 2.5211, 1.3922
45, ['8be2_N_decoy_nb15_1.pdb'], 2.5453, 1.4398
45, ['8be2_N_decoy_nb15_10.pdb'], 2.7650, 1.7611
45, ['8be2_N_decoy_nb15_11.pdb'], 2.8022, 1.7936
45, ['8be2_N_decoy_nb15_12.pdb'], 2.7942, 1.7962
45, ['8be2_N_decoy_nb15_13.pdb'], 2.7659, 1.7858
45, ['8be2_N_decoy_nb15_14.pdb'], 2.7422, 1.7792
45, ['8be2_N_decoy_nb15_15.pdb'], 2.7442, 1.7776
45, ['8be2_N_decoy_nb15_16.pdb'], 2.7555, 1.7836
45, ['8be2_N_decoy_nb15_17.pdb'], 2.7623, 1.7840
45, , , 1.3578, 0.8512
45, , , 1.3620, 0.8581
46, ['8be2_N_decoy_nb15_1.pdb'], 2.5599, 1.4398
46, ['8be2_N_decoy_nb15_0.pdb'], 2.5357, 1.3922
46, ['8be2_N_decoy_nb15_11.pdb'], 2.8164, 1.7936
46, ['8be2_N_decoy_nb15_10.pdb'], 2.7797, 1.7611
46, ['8be2_N_decoy_nb15_13.pdb'], 2.7796, 1.7858
46, ['8be2_N_decoy_nb15_12.pdb'], 2.8083, 1.7962
46, ['8be2_N_decoy_nb15_15.pdb'], 2.7581, 1.7776
46, ['8be2_N_decoy_nb15_14.pdb'], 2.7556, 1.7792
46, ['8be2_N_decoy_nb15_17.pdb'], 2.7781, 1.7840
46, , , 1.3692, 0.8581
46, ['8be2_N_decoy_nb15_16.pdb'], 2.7728, 1.7836
46, , , 1.3652, 0.8512
47, ['8be2_N_decoy_nb15_0.pdb'], 2.5568, 1.3922
47, ['8be2_N_decoy_nb15_1.pdb'], 2.5785, 1.4398
47, ['8be2_N_decoy_nb15_10.pdb'], 2.7947, 1.7611
47, ['8be2_N_decoy_nb15_11.pdb'], 2.8334, 1.7936
47, ['8be2_N_decoy_nb15_12.pdb'], 2.8281, 1.7962
47, ['8be2_N_decoy_nb15_13.pdb'], 2.7968, 1.7858
47, ['8be2_N_decoy_nb15_14.pdb'], 2.7704, 1.7792
47, ['8be2_N_decoy_nb15_15.pdb'], 2.7711, 1.7776
47, ['8be2_N_decoy_nb15_16.pdb'], 2.7846, 1.7836
47, , , 1.3735, 0.8512
47, ['8be2_N_decoy_nb15_17.pdb'], 2.7949, 1.7840
47, , , 1.3775, 0.8581
48, ['8be2_N_decoy_nb15_0.pdb'], 2.7052, 1.3922
48, ['8be2_N_decoy_nb15_1.pdb'], 2.7190, 1.4398
48, ['8be2_N_decoy_nb15_10.pdb'], 2.9181, 1.7611
48, ['8be2_N_decoy_nb15_11.pdb'], 2.9245, 1.7936
48, ['8be2_N_decoy_nb15_12.pdb'], 2.9658, 1.7962
48, ['8be2_N_decoy_nb15_13.pdb'], 3.1036, 1.7858
48, ['8be2_N_decoy_nb15_14.pdb'], 2.9084, 1.7792
48, ['8be2_N_decoy_nb15_15.pdb'], 3.0661, 1.7776
48, ['8be2_N_decoy_nb15_16.pdb'], 2.9381, 1.7836
48, , , 1.4436, 0.8512
48, ['8be2_N_decoy_nb15_17.pdb'], 2.8736, 1.7840
48, , , 1.4687, 0.8581
49, ['8be2_N_decoy_nb15_0.pdb'], 2.5553, 1.3922
49, ['8be2_N_decoy_nb15_1.pdb'], 2.5717, 1.4398
49, ['8be2_N_decoy_nb15_10.pdb'], 2.7955, 1.7611
49, ['8be2_N_decoy_nb15_11.pdb'], 2.8289, 1.7936
49, ['8be2_N_decoy_nb15_13.pdb'], 2.7901, 1.7858
49, ['8be2_N_decoy_nb15_12.pdb'], 2.8160, 1.7962
49, ['8be2_N_decoy_nb15_15.pdb'], 2.7716, 1.7776
49, ['8be2_N_decoy_nb15_14.pdb'], 2.7648, 1.7792
49, ['8be2_N_decoy_nb15_17.pdb'], 2.7844, 1.7840
49, ['8be2_N_decoy_nb15_16.pdb'], 2.7812, 1.7836
49, , , 1.3747, 0.8581
49, , , 1.3713, 0.8512
50, ['8be2_N_decoy_nb15_1.pdb'], 2.6083, 1.4398
50, ['8be2_N_decoy_nb15_0.pdb'], 2.6906, 1.3922
50, ['8be2_N_decoy_nb15_11.pdb'], 2.8474, 1.7936
50, ['8be2_N_decoy_nb15_10.pdb'], 2.8356, 1.7611
50, ['8be2_N_decoy_nb15_13.pdb'], 2.8923, 1.7858
50, ['8be2_N_decoy_nb15_12.pdb'], 2.8981, 1.7962
50, ['8be2_N_decoy_nb15_15.pdb'], 2.7885, 1.7776
50, ['8be2_N_decoy_nb15_14.pdb'], 2.7901, 1.7792
50, ['8be2_N_decoy_nb15_17.pdb'], 2.8124, 1.7840
50, , , 1.3949, 0.8581
50, ['8be2_N_decoy_nb15_16.pdb'], 2.7975, 1.7836
50, , , 1.4012, 0.8512
